CFrame.new(-44.1240005, 5.32999992, -20.4909992, 0.465121776, 0.498781979, -0.731353641, -0.263160408, -0.710903525, -0.652198255, -0.845226765, 0.495814979, -0.199397057),
CFrame.new(-44.1240005, 5.10518742, -20.4909992, 0.465121806, 0.498782039, -0.731353641, -0.263160437, -0.710903645, -0.652198315, -0.845226765, 0.495815009, -0.199397072),
CFrame.new(-44.1240005, 5.06431246, -20.4909992, 0.465121806, 0.498782039, -0.731353641, -0.263160437, -0.710903645, -0.652198315, -0.845226765, 0.495815009, -0.199397072),
CFrame.new(-44.1240005, 4.86674976, -20.4909992, 0.465121806, 0.498782039, -0.731353641, -0.263160437, -0.710903645, -0.652198315, -0.845226765, 0.495815009, -0.199397072),
CFrame.new(-44.1240005, 4.80884361, -20.4909992, 0.465121806, 0.498782039, -0.731353641, -0.263160437, -0.710903645, -0.652198315, -0.845226765, 0.495815009, -0.199397072),
CFrame.new(-44.1240005, 4.61468744, -20.4909992, 0.465121806, 0.498782039, -0.731353641, -0.263160437, -0.710903645, -0.652198315, -0.845226765, 0.495815009, -0.199397072),
CFrame.new(-44.1240005, 4.54315615, -20.4909992, 0.465121806, 0.498782039, -0.731353641, -0.263160437, -0.710903645, -0.652198315, -0.845226765, 0.495815009, -0.199397072),
CFrame.new(-44.1240005, 4.30812502, -20.4909992, 0.465121806, 0.498782039, -0.731353641, -0.263160437, -0.710903645, -0.652198315, -0.845226765, 0.495815009, -0.199397072),
CFrame.new(-44.1240005, 4.22296858, -20.4909992, 0.465121806, 0.498782039, -0.731353641, -0.263160437, -0.710903645, -0.652198315, -0.845226765, 0.495815009, -0.199397072),
CFrame.new(-44.1240005, 4.04243755, -20.4909992, 0.465121806, 0.498782039, -0.731353641, -0.263160437, -0.710903645, -0.652198315, -0.845226765, 0.495815009, -0.199397072),
CFrame.new(-44.1240005, 3.94706249, -20.4909992, 0.465121806, 0.498782039, -0.731353641, -0.263160437, -0.710903645, -0.652198315, -0.845226765, 0.495815009, -0.199397072),
CFrame.new(-44.1240005, 3.74609399, -20.4909992, 0.465121806, 0.498782039, -0.731353641, -0.263160437, -0.710903645, -0.652198315, -0.845226765, 0.495815009, -0.199397072),
CFrame.new(-44.1240005, 3.64050031, -20.4909992, 0.465121806, 0.498782039, -0.731353641, -0.263160437, -0.710903645, -0.652198315, -0.845226765, 0.495815009, -0.199397072),
CFrame.new(-44.1240005, 3.53150034, -20.4909992, 0.465121806, 0.498782039, -0.731353641, -0.263160437, -0.710903645, -0.652198315, -0.845226765, 0.495815009, -0.199397072),
CFrame.new(-44.1240005, 3.30328155, -20.4909992, 0.465121806, 0.498782039, -0.731353641, -0.263160437, -0.710903645, -0.652198315, -0.845226765, 0.495815009, -0.199397072),
CFrame.new(-44.1240005, 3.06143808, -20.4909992, 0.465121806, 0.498782039, -0.731353641, -0.263160437, -0.710903645, -0.652198315, -0.845226765, 0.495815009, -0.199397072),
CFrame.new(-44.1240005, 2.93540692, -20.4909992, 0.465121806, 0.498782039, -0.731353641, -0.263160437, -0.710903645, -0.652198315, -0.845226765, 0.495815009, -0.199397072),
CFrame.new(-44.1240005, 2.67312574, -20.4909992, 0.465121806, 0.498782039, -0.731353641, -0.263160437, -0.710903645, -0.652198315, -0.845226765, 0.495815009, -0.199397072),
CFrame.new(-44.1240005, 2.53687572, -20.4909992, 0.465121806, 0.498782039, -0.731353641, -0.263160437, -0.710903645, -0.652198315, -0.845226765, 0.495815009, -0.199397072),
CFrame.new(-44.1240005, 2.10768843, -20.4909992, 0.465121806, 0.498782039, -0.731353641, -0.263160437, -0.710903645, -0.652198315, -0.845226765, 0.495815009, -0.199397072),
CFrame.new(-44.1240005, 1.48775113, -20.4909992, 0.465121806, 0.498782039, -0.731353641, -0.263160437, -0.710903645, -0.652198315, -0.845226765, 0.495815009, -0.199397072),
CFrame.new(-44.1240005, 1.32425117, -20.4909992, 0.465121806, 0.498782039, -0.731353641, -0.263160437, -0.710903645, -0.652198315, -0.845226765, 0.495815009, -0.199397072),
CFrame.new(-44.1240005, 1.15734494, -20.4909992, 0.465121806, 0.498782039, -0.731353641, -0.263160437, -0.710903645, -0.652198315, -0.845226765, 0.495815009, -0.199397072),
CFrame.new(-44.1240005, 0.813313603, -20.4909992, 0.465121806, 0.498782039, -0.731353641, -0.263160437, -0.710903645, -0.652198315, -0.845226765, 0.495815009, -0.199397072),
CFrame.new(-44.1240005, 0.455657303, -20.4909992, 0.465121806, 0.498782039, -0.731353641, -0.263160437, -0.710903645, -0.652198315, -0.845226765, 0.495815009, -0.199397072),
CFrame.new(-44.1265907, 0.594037414, -20.4917374, 0.468208492, 0.506519735, -0.724029422, -0.258639008, -0.704945087, -0.660422802, -0.844918132, 0.496477842, -0.199055523),
CFrame.new(-44.131279, 0.801855445, -20.4935017, 0.473770916, 0.520326912, -0.710493505, -0.251496464, -0.693244457, -0.675397396, -0.84397316, 0.49867025, -0.197578713),
CFrame.new(-44.1336288, 0.900654614, -20.4943848, 0.476499498, 0.52713728, -0.703615308, -0.247884378, -0.687290072, -0.682777941, -0.843505502, 0.499758571, -0.196824253),
CFrame.new(-44.1383247, 1.08803296, -20.496151, 0.481850058, 0.540568352, -0.689642251, -0.240580395, -0.675176382, -0.697321951, -0.842580318, 0.501919031, -0.195283651),
CFrame.new(-44.1406746, 1.17661214, -20.4970322, 0.48447156, 0.547187686, -0.682548881, -0.236889184, -0.669018507, -0.704483986, -0.842122793, 0.502990901, -0.194497615),
CFrame.new(-44.1453819, 1.34355044, -20.4988003, 0.489605814, 0.560230732, -0.668152452, -0.229430139, -0.656504214, -0.718584716, -0.841218114, 0.505117595, -0.192894459),
CFrame.new(-44.1500931, 1.49686182, -20.5005665, 0.494593471, 0.573008716, -0.653481662, -0.221871376, -0.643729806, -0.732383132, -0.840327561, 0.507220805, -0.191250324),
CFrame.new(-44.154808, 1.63654625, -20.5023346, 0.499432743, 0.58551681, -0.638542891, -0.2142158, -0.630701005, -0.745873868, -0.839451313, 0.509299815, -0.189565793),
CFrame.new(-44.1618919, 1.82052231, -20.5049877, 0.506409526, 0.603762209, -0.615646482, -0.202557474, -0.610693753, -0.765521824, -0.838164568, 0.512371361, -0.186964586),
CFrame.new(-44.1642532, 1.87503409, -20.5058727, 0.508659065, 0.609703839, -0.607887447, -0.19862619, -0.60390383, -0.7719118, -0.837743163, 0.513382256, -0.186077997),
CFrame.new(-44.1666183, 1.926139, -20.5067577, 0.510870159, 0.615574539, -0.600066423, -0.194672942, -0.59705478, -0.778221071, -0.837325573, 0.514386654, -0.185181782),
CFrame.new(-44.1713524, 2.0181284, -20.5085278, 0.515176475, 0.627100527, -0.584241509, -0.186702162, -0.583182335, -0.790595174, -0.836501956, 0.516375124, -0.18336077),
CFrame.new(-44.178463, 2.13056135, -20.5111847, 0.521343112, 0.643843234, -0.560060024, -0.174590975, -0.561949134, -0.80853647, -0.835295975, 0.519306302, -0.180559084),
CFrame.new(-44.1832085, 2.18848205, -20.5129566, 0.525256872, 0.654634714, -0.543653011, -0.166418016, -0.547519743, -0.820077538, -0.834511995, 0.521224976, -0.178645477),
CFrame.new(-44.1855812, 2.21233201, -20.5138416, 0.527153969, 0.659917831, -0.535366356, -0.162303075, -0.540225267, -0.825720549, -0.834126115, 0.522173464, -0.177675202),
CFrame.new(-44.1903343, 2.24981141, -20.5156155, 0.53082794, 0.670256317, -0.518631101, -0.154018238, -0.525480688, -0.836748719, -0.833366752, 0.524048209, -0.17570813),
CFrame.new(-44.1950912, 2.27366304, -20.5173893, 0.534340322, 0.680287957, -0.501685917, -0.145662755, -0.510533988, -0.847429872, -0.832624018, 0.525892913, -0.173706293),
CFrame.new(-44.1974754, 2.28047824, -20.5182762, 0.536035538, 0.685187519, -0.493136823, -0.14145954, -0.502986908, -0.852639079, -0.832258999, 0.526803792, -0.172692552),
CFrame.new(-44.20224, 2.28388786, -20.52005, 0.539303362, 0.694752038, -0.475890219, -0.133004159, -0.487749308, -0.862792253, -0.831541836, 0.528602123, -0.170639917),
CFrame.new(-44.2046242, 2.28048229, -20.520937, 0.540875614, 0.699416041, -0.467194557, -0.128752783, -0.480060458, -0.867735386, -0.831189692, 0.529489517, -0.169601217),
CFrame.new(-44.2093925, 2.26344991, -20.5227127, 0.543896198, 0.708505571, -0.449663013, -0.120204739, -0.4645468, -0.877352297, -0.830498517, 0.531240225, -0.167499498),
CFrame.new(-44.2141685, 2.23278928, -20.5244884, 0.546750605, 0.717274249, -0.431950718, -0.111599006, -0.448857456, -0.886607409, -0.829824924, 0.532958388, -0.165365994),
CFrame.new(-44.221344, 2.16124558, -20.527153, 0.550718546, 0.72981894, -0.405059725, -0.0985893756, -0.425008774, -0.899804235, -0.828848124, 0.535473466, -0.162107825),
CFrame.new(-44.2261276, 2.09651446, -20.5289307, 0.553153396, 0.737772167, -0.38692832, -0.089853771, -0.408909857, -0.908140421, -0.828219533, 0.537107944, -0.159898266),
CFrame.new(-44.2333183, 1.97386432, -20.531599, 0.556487918, 0.749080241, -0.359444052, -0.076664865, -0.384478986, -0.919944763, -0.827311099, 0.539494872, -0.156529769),
CFrame.new(-44.2381134, 1.87506187, -20.5333767, 0.558497965, 0.756200552, -0.340940922, -0.0678201243, -0.368013531, -0.927343786, -0.826728761, 0.541042268, -0.154249191),
CFrame.new(-44.2405167, 1.82054996, -20.5342674, 0.559438884, 0.759634316, -0.331638157, -0.0633833706, -0.359729946, -0.93090111, -0.826444626, 0.541802585, -0.153098732),
CFrame.new(-44.2429161, 1.76263082, -20.5351562, 0.560336888, 0.762983382, -0.32230255, -0.0589375757, -0.351413667, -0.934363306, -0.826165199, 0.542553961, -0.151941642),
CFrame.new(-44.2501259, 1.56843042, -20.5378265, 0.562773049, 0.772519767, -0.294108301, -0.0455502234, -0.326277167, -0.944176018, -0.82535547, 0.544753492, -0.148431554),
CFrame.new(-44.2549362, 1.42192745, -20.539608, 0.564181566, 0.778449059, -0.275165737, -0.0365878716, -0.309372097, -0.950236917, -0.824839652, 0.546173871, -0.146060243),
CFrame.new(-44.2573433, 1.34356523, -20.5404987, 0.564821005, 0.781284511, -0.265653431, -0.0320967324, -0.300878018, -0.953122377, -0.824589014, 0.546870112, -0.144865528),
CFrame.new(-44.2621613, 1.17661881, -20.5422802, 0.565969884, 0.786695778, -0.246551782, -0.0230966322, -0.283811122, -0.958602011, -0.824102283, 0.548234403, -0.142458528),
CFrame.new(-44.2645721, 1.08803475, -20.5431709, 0.566479325, 0.789271235, -0.23696436, -0.0185885224, -0.275240153, -0.961195767, -0.823866308, 0.548902333, -0.141246453),
CFrame.new(-44.2693939, 0.900644958, -20.5449543, 0.567367792, 0.794160724, -0.217721283, -0.00955827627, -0.258027583, -0.966090262, -0.823409021, 0.550209522, -0.138805732),
CFrame.new(-44.2718048, 0.801839173, -20.545845, 0.567746818, 0.796474397, -0.208067596, -0.00503698597, -0.249387786, -0.968390584, -0.823187828, 0.550848722, -0.137577295),
CFrame.new(-44.2790489, 0.48497802, -20.548521, 0.568622768, 0.802889049, -0.178989798, 0.00854642317, -0.223345175, -0.974701941, -0.822553992, 0.55270803, -0.13386099),
CFrame.new(-44.3545532, 0.570036709, -20.6020145, 0.566399693, 0.814792335, 0.123712659, 0.00275880634, 0.148237512, -0.988947928, -0.824126065, 0.560481131, 0.0817138255),
CFrame.new(-44.3923645, 0.60684073, -20.6288128, 0.56543833, 0.778998077, 0.271000981, -0.00135625759, 0.32944715, -0.944173038, -0.824789464, 0.533504069, 0.187338576),
CFrame.new(-44.4677887, 0.669008315, -20.6822834, 0.564929068, 0.630503476, 0.532278597, -0.0120884422, 0.651331961, -0.758696616, -0.82505089, 0.422175348, 0.375578165),
CFrame.new(-44.5052795, 0.69441992, -20.7088642, 0.565834224, 0.523135543, 0.637307465, -0.0184981842, 0.780804336, -0.624501705, -0.824311495, 0.341575414, 0.451482892),
CFrame.new(-44.5795631, 0.734118819, -20.7615242, 0.570929587, 0.261109918, 0.778370738, -0.0323167108, 0.954490185, -0.296486348, -0.820362747, 0.144118443, 0.5533849),
CFrame.new(-44.616272, 0.748527646, -20.7875423, 0.575377226, 0.115722314, 0.809660017, -0.0390933827, 0.992699564, -0.114102267, -0.816953361, 0.0339994952, 0.5757007),
CFrame.new(-44.6526604, 0.759404123, -20.813324, 0.581162274, -0.0325015113, 0.813138425, -0.0452812165, 0.996362627, 0.0721882358, -0.812526941, -0.078772977, 0.577576637),
CFrame.new(-44.7598114, 0.77162236, -20.889185, 0.605788946, -0.442599595, 0.661154568, -0.056244541, 0.805085361, 0.590486348, -0.793634892, -0.394896448, 0.462817967),
CFrame.new(-44.7948952, 0.769150674, -20.9139996, 0.61578244, -0.551726937, 0.562502801, -0.0560914092, 0.681404114, 0.729754865, -0.785917163, -0.480921775, 0.388649553),
CFrame.new(-44.8986969, 0.743044078, -20.9873486, 0.646484435, -0.743577421, 0.17073518, -0.0404154919, 0.190096959, 0.98093307, -0.7618559, -0.641058326, 0.0928426832),
CFrame.new(-44.9672241, 0.710511982, -21.035717, 0.663194954, -0.738184631, -0.123514906, -0.0166652109, -0.179551899, 0.983607352, -0.748261154, -0.650265038, -0.131379917),
CFrame.new(-45.0357819, 0.666043103, -21.0840836, 0.672675431, -0.6244995, -0.396872967, 0.016093526, -0.523885071, 0.851636946, -0.739762604, -0.579262316, -0.342354208),
CFrame.new(-45.0702362, 0.639302433, -21.1083832, 0.67371881, -0.531313598, -0.513623297, 0.0348062888, -0.671450198, 0.740231812, -0.738167703, -0.51658541, -0.433875561),
CFrame.new(-45.1749344, 0.540574789, -21.1822433, 0.659109592, -0.146448538, -0.737649918, 0.0928406864, -0.957508445, 0.273053497, -0.74629432, -0.248456106, -0.617506564),
CFrame.new(-45.248333, 0.481428564, -21.2409897, 0.639022052, 0.157619298, -0.752865851, 0.0974250212, -0.98748219, -0.124045372, -0.762993574, 0.00591975404, -0.646378934),
CFrame.new(-45.2994347, 0.586323678, -21.27845, 0.624768555, 0.357503682, -0.694158018, 0.107594654, -0.91996038, -0.376956642, -0.773361266, 0.160822958, -0.613227785),
CFrame.new(-45.3255806, 0.625493526, -21.2973499, 0.61624527, 0.451409131, -0.645346105, 0.112038717, -0.861345649, -0.495510817, -0.779544175, 0.233052447, -0.58137548),
CFrame.new(-45.3518829, 0.661182523, -21.3163776, 0.607055306, 0.538130999, -0.584721148, 0.115129791, -0.787608325, -0.605324924, -0.786275387, 0.300146908, -0.540076733),
CFrame.new(-45.4049263, 0.722012997, -21.3547802, 0.587270141, 0.684198797, -0.432418585, 0.116672665, -0.600232422, -0.791270196, -0.800937772, 0.414237916, -0.43232587),
CFrame.new(-45.4316406, 0.747107148, -21.374136, 0.577017784, 0.741040826, -0.343378782, 0.114899635, -0.489902288, -0.864172339, -0.808609009, 0.4591887, -0.367827624),
CFrame.new(-45.4853668, 0.78655386, -21.4130974, 0.556754947, 0.817530274, -0.147201255, 0.105936505, -0.245638892, -0.963555396, -0.823894083, 0.520870209, -0.223366961),
CFrame.new(-45.5123405, 0.800875962, -21.4326706, 0.547155261, 0.835902393, -0.0434550196, 0.0987206027, -0.115998536, -0.988331199, -0.831189096, 0.536480725, -0.145989999),
CFrame.new(-45.5663948, 0.818667293, -21.4719238, 0.530062735, 0.831465244, 0.166430324, 0.0790409893, 0.146969408, -0.985977948, -0.844266534, 0.53578496, 0.0121831689),
CFrame.new(-45.5934334, 0.822127759, -21.4915676, 0.522974908, 0.808802068, 0.268954396, 0.0667824447, 0.27569297, -0.958923101, -0.849727809, 0.519454181, 0.0901667252),
CFrame.new(-45.6474152, 0.818185687, -21.5308018, 0.512644231, 0.724732697, 0.460389376, 0.0382257402, 0.516412079, -0.855486631, -0.85774976, 0.456159025, 0.23703225),
CFrame.new(-45.6743126, 0.810797513, -21.5503559, 0.509720325, 0.664864361, 0.546022534, 0.0223528724, 0.624210358, -0.78093648, -0.860049725, 0.410264343, 0.30331108),
CFrame.new(-45.7278252, 0.785250247, -21.5892582, 0.508973241, 0.514837623, 0.689846694, -0.0112903658, 0.805342197, -0.592702687, -0.860708296, 0.293881178, 0.41571036),
CFrame.new(-45.780838, 0.745464742, -21.6277924, 0.51550889, 0.333611846, 0.789274156, -0.0454668961, 0.930449724, -0.363587826, -0.855677128, 0.15154691, 0.494823426),
CFrame.new(-45.8071213, 0.720289052, -21.6468906, 0.521562457, 0.23524864, 0.82014066, -0.061949756, 0.96914202, -0.238591611, -0.850961089, 0.0736329183, 0.520041704),
CFrame.new(-45.8849754, 0.623949707, -21.7034206, 0.550258219, -0.0698775277, 0.832065523, -0.105012968, 0.982788742, 0.151982144, -0.82836473, -0.171007097, 0.533449531),
CFrame.new(-45.9105797, 0.584994793, -21.7219982, 0.562951386, -0.168939978, 0.809039593, -0.116183057, 0.952989936, 0.279842317, -0.818283081, -0.251534313, 0.516859055),
CFrame.new(-45.9612846, 0.496997029, -21.7587509, 0.591971695, -0.352598906, 0.724736869, -0.132053226, 0.84463793, 0.518795431, -0.795066953, -0.402816057, 0.453439921),
CFrame.new(-45.9806404, 0.537905991, -21.7732048, 0.589383841, -0.417364359, 0.691689014, -0.129774973, 0.796171904, 0.590989649, -0.797361374, -0.438083678, 0.415087372),
CFrame.new(-46.0193939, 0.594519675, -21.8018932, 0.584106863, -0.537378073, 0.608312428, -0.125291049, 0.680775702, 0.721697032, -0.801948488, -0.497764289, 0.33031708),
CFrame.new(-46.0386696, 0.617784739, -21.8161812, 0.58141768, -0.591244578, 0.558912575, -0.123521678, 0.614848614, 0.778911829, -0.804174006, -0.521910906, 0.284452319),
CFrame.new(-46.0770264, 0.654264212, -21.8446674, 0.576058805, -0.684574425, 0.446670026, -0.120839626, 0.469121307, 0.874827385, -0.808426917, -0.55792743, 0.187517747),
CFrame.new(-46.0961189, 0.667490542, -21.8588734, 0.573429942, -0.723301291, 0.384724945, -0.11988534, 0.390463829, 0.912778974, -0.810435414, -0.569537699, 0.137190431),
CFrame.new(-46.1341515, 0.683941901, -21.8872242, 0.56835568, -0.783353686, 0.251652122, -0.118635722, 0.224635646, 0.96719408, -0.814185083, -0.579565167, 0.0347392038),
CFrame.new(-46.1531067, 0.687175512, -21.9013824, 0.565934539, -0.80420512, 0.181582376, -0.118292108, 0.138761431, 0.983235598, -0.815919757, -0.577926755, -0.0166012309),
CFrame.new(-46.1909103, 0.683675349, -21.9296799, 0.561363697, -0.8267349, 0.0371509865, -0.118045583, -0.035560295, 0.992371261, -0.819106817, -0.561466753, -0.117554657),
CFrame.new(-46.209774, 0.676946163, -21.9438286, 0.559221268, -0.82823348, -0.0360671207, -0.118095256, -0.122648835, 0.985398769, -0.820563853, -0.54679662, -0.166398287),
CFrame.new(-46.2286224, 0.666899502, -21.9579849, 0.557174444, -0.823186338, -0.109182946, -0.118230216, -0.208784357, 0.970788717, -0.821935654, -0.527989924, -0.213654801),
CFrame.new(-46.2662964, 0.636855304, -21.9863377, 0.553353369, -0.793656051, -0.252804488, -0.118674725, -0.375530511, 0.919180691, -0.824449122, -0.478630245, -0.301988006),
CFrame.new(-46.2851372, 0.616856813, -22.0005417, 0.551566362, -0.769399762, -0.322177827, -0.11894834, -0.45484674, 0.882590353, -0.825606346, -0.448484659, -0.342397004),
CFrame.new(-46.3228569, 0.566898763, -22.0290279, 0.548192859, -0.702839434, -0.45332253, -0.119525403, -0.602297187, 0.789272964, -0.827767015, -0.378490239, -0.414182156),
CFrame.new(-46.3912544, 0.564581811, -22.0610237, 0.543183267, -0.540791929, -0.642258525, -0.0776713938, -0.794029891, 0.602896094, -0.836013794, -0.277597964, -0.473307818),
CFrame.new(-46.4660759, 0.581056178, -22.0878849, 0.523893356, -0.322246045, -0.788475275, -0.0167122707, -0.929385781, 0.36873123, -0.851619899, -0.179998621, -0.492284507),
CFrame.new(-46.5164108, 0.575273812, -22.1060028, 0.501784503, -0.158587813, -0.850330651, 0.0202455446, -0.980627, 0.194835261, -0.86475569, -0.11498072, -0.488852739),
CFrame.new(-46.5417252, 0.567324162, -22.1151257, 0.488113403, -0.0734862909, -0.869681001, 0.0370739624, -0.993803918, 0.104782395, -0.871992469, -0.0833882093, -0.482364565),
CFrame.new(-46.5926704, 0.541256547, -22.1334934, 0.455971062, 0.0995381176, -0.884410858, 0.0665811151, -0.99475652, -0.0776303485, -0.887500644, -0.0234878697, -0.460207522),
CFrame.new(-46.6183014, 0.523117483, -22.1427345, 0.43772164, 0.185947821, -0.87967217, 0.0789479613, -0.982550323, -0.168410301, -0.895637751, 0.00426851399, -0.44476375),
CFrame.new(-46.6574173, 0.528293967, -22.1605568, 0.410068542, 0.318478823, -0.854643226, 0.0827386901, -0.946178734, -0.312890023, -0.908294082, 0.0575942919, -0.414348632),
CFrame.new(-46.6844444, 0.566602767, -22.1776085, 0.394407064, 0.411181182, -0.821810901, 0.0683820918, -0.904960155, -0.419965476, -0.916387975, 0.109440207, -0.385040104),
CFrame.new(-46.6980019, 0.580629051, -22.186161, 0.386950612, 0.45604682, -0.801430285, 0.0605372488, -0.879824638, -0.4714275, -0.92011112, 0.133902773, -0.368056506),
CFrame.new(-46.7252083, 0.598415196, -22.2033176, 0.372884721, 0.542063057, -0.753076792, 0.0435816981, -0.820948064, -0.569337249, -0.926853597, 0.179476798, -0.329743028),
CFrame.new(-46.7388496, 0.602171063, -22.2119198, 0.366313726, 0.582929194, -0.725263953, 0.0345013253, -0.787414908, -0.615457058, -0.929851532, 0.200427786, -0.308552712),
CFrame.new(-46.7525215, 0.602499545, -22.2205391, 0.360075653, 0.622186124, -0.695147455, 0.025041353, -0.751305699, -0.659479082, -0.932586968, 0.220054924, -0.286107272),
CFrame.new(-46.7799454, 0.592867136, -22.2378159, 0.348670542, 0.695362628, -0.628410399, 0.00505577028, -0.671872199, -0.740649819, -0.937231719, 0.25506568, -0.23777765),
CFrame.new(-46.8074608, 0.569504499, -22.2551441, 0.338808477, 0.760637045, -0.553750932, -0.0162175559, -0.583752275, -0.811769843, -0.940715551, 0.284015, -0.185444564),
CFrame.new(-46.8550186, 0.538995445, -22.2746506, 0.326373398, 0.85240984, -0.4085069, -0.0230121575, -0.424878836, -0.904957712, -0.944960773, 0.304754734, -0.119053364),
CFrame.new(-46.8750267, 0.542132676, -22.2767906, 0.321005076, 0.8829512, -0.342568159, -0.00779726356, -0.359234661, -0.933214664, -0.947045386, 0.302237749, -0.108431548),
CFrame.new(-46.8950806, 0.541807711, -22.2789288, 0.314544261, 0.908626497, -0.27469942, 0.00696037477, -0.291587889, -0.95651871, -0.94921726, 0.29895547, -0.0980416834),
CFrame.new(-46.9352989, 0.530759394, -22.283205, 0.298495948, 0.944865406, -0.134645969, 0.034795519, -0.151757374, -0.987805128, -0.953776419, 0.290170759, -0.0781760439),
CFrame.new(-46.9958572, 0.48815465, -22.2896004, 0.267312706, 0.960239053, 0.0805286393, 0.0712785348, 0.0636367723, -0.99542439, -0.960969985, 0.271829545, -0.0514335185),
CFrame.new(-47.0111465, 0.523182809, -22.3208714, 0.247793213, 0.963466227, 0.10164316, -0.0344138443, 0.113602392, -0.992930114, -0.968201518, 0.242543414, 0.0613064803),
CFrame.new(-47.0162392, 0.528007984, -22.3312683, 0.241745099, 0.964199603, 0.108988225, -0.0698780194, 0.12932688, -0.989136815, -0.967820406, 0.231503099, 0.098640494),
CFrame.new(-47.026432, 0.527385175, -22.3520184, 0.230379224, 0.965158582, 0.124074072, -0.140821472, 0.159228668, -0.977146626, -0.962857604, 0.207642004, 0.172598019),
CFrame.new(-47.0337334, 0.527161419, -22.3726997, 0.229637355, 0.964927733, 0.127204999, -0.168406799, 0.168119863, -0.971274853, -0.958595753, 0.201618806, 0.201106995),
CFrame.new(-47.0359421, 0.528976798, -22.383028, 0.234227806, 0.964413941, 0.122650288, -0.160642445, 0.162819937, -0.973490477, -0.958817661, 0.208315685, 0.193062767),
CFrame.new(-47.0403633, 0.522384703, -22.4036827, 0.243488953, 0.9632231, 0.113641649, -0.145170465, 0.152041316, -0.977654815, -0.958977938, 0.221550733, 0.176851913),
CFrame.new(-47.0439377, 0.512791455, -22.4201527, 0.246788576, 0.964920819, 0.0895725191, -0.120340049, 0.122231297, -0.985179067, -0.961568356, 0.232351765, 0.14628391),
CFrame.new(-47.0452995, 0.508189142, -22.4262924, 0.245736405, 0.966816127, 0.0698581636, -0.103172123, 0.0977457687, -0.989849091, -0.963830471, 0.236034542, 0.123768166),
CFrame.new(-47.0462189, 0.480285108, -22.4418697, 0.254050642, 0.967099428, -0.0133011276, 0.00886388868, -0.0160797965, -0.999831438, -0.967150271, 0.253889918, -0.0126573443),
CFrame.new(-47.0453491, 0.486119658, -22.4432106, 0.261043817, 0.965289652, 0.00848552957, 0.0143079422, 0.00492034527, -0.999885559, -0.965220928, 0.26113534, -0.0125268828),
CFrame.new(-47.0421867, 0.487876534, -22.4483356, 0.287853003, 0.956616402, 0.0450076908, 0.0126125664, 0.0432059467, -0.998986542, -0.957591534, 0.288128972, 0.000371571747),
CFrame.new(-47.0385666, 0.483584702, -22.4479752, 0.299845219, 0.953651547, 0.0253295116, 0.00580144953, 0.0247279033, -0.99967736, -0.953970253, 0.299895436, 0.0018819822),
CFrame.new(-47.0356598, 0.480833203, -22.4463978, 0.305245996, 0.952228665, 0.00924183149, 0.00541459816, 0.00796932261, -0.999953568, -0.95225811, 0.305281878, -0.00272333203),
CFrame.new(-47.0319901, 0.481123745, -22.4445953, 0.310122609, 0.95063132, -0.0111392038, 0.00310511072, -0.0127296597, -0.999914169, -0.950691521, 0.310061395, -0.00689957058),
CFrame.new(-47.0321808, 0.481903672, -22.4440498, 0.310404748, 0.950549483, -0.0102278264, 0.00588478474, -0.012680552, -0.999902308, -0.950586259, 0.310314208, -0.00952988211),
CFrame.new(-47.0341301, 0.478068888, -22.4440823, 0.31065312, 0.950521946, -0.00164829614, 0.00867803488, -0.00457020011, -0.999951899, -0.950483739, 0.310623884, -0.00966840982),
CFrame.new(-47.0378799, 0.476719081, -22.4456425, 0.31063804, 0.950413525, 0.0147687076, 0.00732990634, 0.0131417401, -0.999886751, -0.950500011, 0.310711116, -0.00288411789),
CFrame.new(-47.0378342, 0.476734877, -22.4455242, 0.310517788, 0.950456858, 0.014506856, 0.00784822647, 0.0126972897, -0.999888599, -0.950535178, 0.310597032, -0.00351666682),
CFrame.new(-47.0373993, 0.476594508, -22.4450073, 0.310514241, 0.950485051, 0.012612151, 0.00942318607, 0.0101894317, -0.999903679, -0.950522006, 0.310603201, -0.00579263363),
CFrame.new(-47.0357437, 0.476049095, -22.4430199, 0.310529649, 0.950548649, 0.00534692593, 0.0154693481, 0.0005708221, -0.999880195, -0.950437844, 0.310575157, -0.0145271113),
CFrame.new(-47.0343781, 0.475678086, -22.4413548, 0.31036377, 0.950617731, -0.00052620162, 0.0202654842, -0.00716981338, -0.999768913, -0.950401843, 0.310281366, -0.0214899778),
CFrame.new(-47.0343781, 0.475675613, -22.4413548, 0.31035924, 0.950619221, -0.000518315646, 0.0202604812, -0.00715977931, -0.999769092, -0.950403392, 0.310277075, -0.0214821063),
CFrame.new(-47.0343781, 0.475674719, -22.4413548, 0.310357928, 0.950619638, -0.000514484593, 0.0202587619, -0.00715515809, -0.999769151, -0.950403869, 0.310275882, -0.0214790367),
CFrame.new(-47.0343781, 0.475673795, -22.4413548, 0.310356677, 0.950620055, -0.000510614947, 0.0202570874, -0.00715051172, -0.999769211, -0.950404346, 0.31027472, -0.0214760024),
CFrame.new(-47.0343781, 0.475672841, -22.4413548, 0.310355484, 0.950620413, -0.000506708689, 0.0202554576, -0.00714584207, -0.99976927, -0.950404763, 0.310273618, -0.0214730017),
CFrame.new(-47.0343781, 0.475670874, -22.4413548, 0.31035322, 0.950621188, -0.000498790178, 0.0202523191, -0.00713643618, -0.999769449, -0.950405538, 0.310271561, -0.021467099),
CFrame.new(-47.0343781, 0.475668848, -22.4413548, 0.310351104, 0.950621903, -0.000490741048, 0.0202493388, -0.00712694786, -0.999769568, -0.950406313, 0.310269654, -0.021461321),
CFrame.new(-47.0343781, 0.475666732, -22.4413548, 0.310349137, 0.950622499, -0.000482572184, 0.0202465057, -0.00711738504, -0.999769688, -0.950407028, 0.310267895, -0.0214556586),
CFrame.new(-47.0343781, 0.475665659, -22.4413548, 0.310348213, 0.950622857, -0.000478442438, 0.0202451441, -0.00711257523, -0.999769747, -0.950407326, 0.310267061, -0.0214528721),
CFrame.new(-47.0343781, 0.475663453, -22.4413548, 0.310346395, 0.950623393, -0.000470094121, 0.0202425364, -0.00710290065, -0.999769866, -0.950407982, 0.310265452, -0.0214473885),
CFrame.new(-47.0343781, 0.475662321, -22.4413548, 0.310345531, 0.950623691, -0.000465878315, 0.0202412847, -0.00709803822, -0.999769926, -0.95040828, 0.310264707, -0.0214446895),
CFrame.new(-47.0343781, 0.475660026, -22.4413548, 0.310343891, 0.950624228, -0.000457370013, 0.0202388819, -0.00708826678, -0.999770045, -0.950408876, 0.310263246, -0.0214393735),
CFrame.new(-47.0343781, 0.475658864, -22.4413548, 0.310343087, 0.950624526, -0.000453080138, 0.0202377308, -0.00708336011, -0.999770105, -0.950409174, 0.310262591, -0.0214367546),
CFrame.new(-47.0343781, 0.475655288, -22.4413548, 0.310340822, 0.950625241, -0.000440080359, 0.020234447, -0.00706856325, -0.999770284, -0.950410008, 0.310260624, -0.0214290414),
CFrame.new(-47.0343781, 0.475652844, -22.4413548, 0.310339421, 0.950625718, -0.000431314227, 0.0202323981, -0.00705864141, -0.999770403, -0.950410485, 0.310259432, -0.0214240141),
CFrame.new(-47.0343781, 0.47565034, -22.4413548, 0.31033808, 0.950626135, -0.000422478799, 0.0202304553, -0.00704868278, -0.999770522, -0.950410962, 0.310258329, -0.0214190744),
CFrame.new(-47.0343781, 0.475647807, -22.4413548, 0.310336828, 0.950626552, -0.000413578819, 0.0202286057, -0.00703868968, -0.999770582, -0.950411439, 0.310257286, -0.0214142147),
CFrame.new(-47.0343819, 0.475645274, -22.4413548, 0.310335636, 0.950626969, -0.000404622406, 0.0202268455, -0.00702866726, -0.999770701, -0.950411856, 0.310256302, -0.0214094315),
CFrame.new(-47.0343819, 0.475642651, -22.4413548, 0.310334504, 0.950627327, -0.000395613344, 0.0202251729, -0.00701861968, -0.99977082, -0.950412214, 0.310255378, -0.0214047208),
CFrame.new(-47.0343819, 0.47564134, -22.4413548, 0.310333967, 0.950627506, -0.000391090842, 0.0202243645, -0.00701358682, -0.99977088, -0.950412452, 0.310254961, -0.0214023925),
CFrame.new(-47.0343819, 0.475638688, -22.4413548, 0.310332954, 0.950627863, -0.000382013735, 0.0202228036, -0.00700350618, -0.999770939, -0.95041281, 0.310254157, -0.0213977788),
CFrame.new(-47.0343819, 0.475636005, -22.4413548, 0.31033197, 0.950628161, -0.000372896844, 0.0202213153, -0.00699340971, -0.999771059, -0.950413167, 0.310253382, -0.021393232),
CFrame.new(-47.0343819, 0.475633293, -22.4413548, 0.310331047, 0.950628459, -0.000363744679, 0.0202198923, -0.00698329741, -0.999771178, -0.950413465, 0.310252666, -0.0213887393),
CFrame.new(-47.0343819, 0.475631922, -22.4413548, 0.3103306, 0.950628638, -0.000359156082, 0.0202192031, -0.00697823614, -0.999771237, -0.950413644, 0.310252339, -0.0213865135),
CFrame.new(-47.0343819, 0.475629151, -22.4413548, 0.310329735, 0.950628936, -0.000349958893, 0.0202178657, -0.00696810661, -0.999771297, -0.950413942, 0.310251683, -0.0213820972),
CFrame.new(-47.0343819, 0.475626379, -22.4413548, 0.310328901, 0.950629175, -0.000340734259, 0.0202165823, -0.0069579673, -0.999771416, -0.95041424, 0.310251087, -0.021377733),
CFrame.new(-47.0343819, 0.475624979, -22.4413548, 0.310328513, 0.950629294, -0.000336113095, 0.0202159602, -0.00695289485, -0.999771476, -0.950414419, 0.310250789, -0.0213755667),
CFrame.new(-47.0343819, 0.475622147, -22.4413548, 0.310327739, 0.950629592, -0.000326855021, 0.0202147514, -0.00694274483, -0.999771535, -0.950414658, 0.310250252, -0.0213712659),
CFrame.new(-47.0343819, 0.475619316, -22.4413548, 0.310327023, 0.95062983, -0.000317577709, 0.0202135835, -0.00693258969, -0.999771655, -0.950414956, 0.310249746, -0.0213670041),
CFrame.new(-47.0343819, 0.475613594, -22.4413567, 0.310325682, 0.950630248, -0.000298974221, 0.0202113669, -0.00691226916, -0.999771833, -0.950415432, 0.310248822, -0.0213585924),
CFrame.new(-47.0343819, 0.475609243, -22.4413567, 0.310324728, 0.950630546, -0.000284985523, 0.0202097967, -0.00689702248, -0.999771953, -0.95041579, 0.310248226, -0.0213523675),
CFrame.new(-47.0343819, 0.475606322, -22.4413567, 0.310324162, 0.950630784, -0.000275647209, 0.020208789, -0.00688685896, -0.999772072, -0.950415969, 0.310247868, -0.0213482548),
CFrame.new(-47.0343819, 0.475604892, -22.4413567, 0.310323894, 0.950630844, -0.000270974415, 0.0202082936, -0.00688177673, -0.999772131, -0.950416088, 0.310247689, -0.0213462077),
CFrame.new(-47.0343819, 0.475600511, -22.4413567, 0.310323119, 0.950631082, -0.0002569434, 0.02020685, -0.00686653005, -0.999772251, -0.950416386, 0.310247242, -0.0213401038),
CFrame.new(-47.0343819, 0.475597531, -22.4413567, 0.310322613, 0.950631261, -0.00024758061, 0.0202059168, -0.00685636746, -0.99977231, -0.950416565, 0.310246944, -0.0213360637),
CFrame.new(-47.0343819, 0.47559607, -22.4413567, 0.310322374, 0.95063138, -0.000242897775, 0.0202054586, -0.00685128709, -0.99977237, -0.950416625, 0.310246825, -0.0213340502),
CFrame.new(-47.0343819, 0.47559309, -22.4413567, 0.310321897, 0.950631499, -0.000233528699, 0.0202045552, -0.00684112776, -0.999772489, -0.950416803, 0.310246587, -0.0213300381),
CFrame.new(-47.0343819, 0.47559014, -22.4413567, 0.31032148, 0.950631678, -0.000224154006, 0.0202036705, -0.00683096936, -0.999772549, -0.950416982, 0.310246348, -0.0213260446),
CFrame.new(-47.0343819, 0.475587159, -22.4413567, 0.310321033, 0.950631797, -0.00021477713, 0.0202028006, -0.00682081375, -0.999772608, -0.950417101, 0.31024614, -0.021322066),
CFrame.new(-47.0343819, 0.475584179, -22.4413567, 0.310320616, 0.950631917, -0.00020539714, 0.0202019457, -0.00681066001, -0.999772727, -0.95041728, 0.310245961, -0.0213181023),
CFrame.new(-47.0343819, 0.475581169, -22.4413567, 0.310320258, 0.950632036, -0.000196014371, 0.0202011019, -0.00680050813, -0.999772787, -0.950417399, 0.310245782, -0.0213141516),
CFrame.new(-47.0343819, 0.475578129, -22.4413567, 0.310319901, 0.950632155, -0.000186629317, 0.0202002712, -0.00679035811, -0.999772906, -0.950417519, 0.310245663, -0.0213102102),
CFrame.new(-47.0343819, 0.475573599, -22.4413567, 0.310319394, 0.950632334, -0.000172548869, 0.02019904, -0.00677513611, -0.999773026, -0.950417757, 0.310245484, -0.0213043168),
CFrame.new(-47.0343819, 0.475570589, -22.4413567, 0.310319066, 0.950632453, -0.000163161865, 0.0201982297, -0.00676499214, -0.999773085, -0.950417876, 0.310245365, -0.0213003997),
CFrame.new(-47.0343819, 0.475566059, -22.4413567, 0.310318589, 0.950632632, -0.000149079497, 0.0201970283, -0.00674977805, -0.999773264, -0.950418055, 0.310245216, -0.0212945342)
